0.png,127,321,138,336,0
0.png,288,268,336,275,0
0.png,212,203,269,213,0
1.png,140,475,157,587,0
1.png,457,276,485,281,0
1.png,164,488,212,495,0
2.png,503,488,529,494,0
2.png,268,379,275,384,1
2.png,475,484,523,491,0
3.png,126,462,137,477,0
3.png,153,180,160,185,1
3.png,366,296,373,301,1
4.png,369,177,395,183,0
4.png,159,347,187,352,0
4.png,327,464,334,469,1
5.png,499,251,506,256,1
5.png,420,386,431,401,0
5.png,190,317,218,322,0
6.png,268,309,294,315,0
6.png,378,465,404,471,0
6.png,365,485,372,490,1
7.png,239,425,256,537,0
7.png,383,489,390,494,1
7.png,481,350,492,365,0
8.png,343,395,350,400,1
8.png,366,308,377,323,0
8.png,119,337,167,344,0
9.png,418,420,435,532,0
9.png,369,394,380,409,0
9.png,421,268,469,275,0
10.png,421,131,432,146,0
10.png,179,273,205,279,0
10.png,181,349,188,354,1
11.png,314,158,342,163,0
11.png,410,274,438,279,0
11.png,237,358,254,470,0
12.png,267,251,295,256,0
12.png,154,425,165,440,0
12.png,209,407,257,414,0
13.png,437,407,494,417,0
13.png,409,444,435,450,0
13.png,135,422,192,432,0
14.png,464,161,512,168,0
14.png,323,458,371,465,0
14.png,223,133,280,143,0
15.png,222,262,229,267,1
15.png,186,333,234,340,0
15.png,124,201,172,208,0
16.png,236,311,264,316,0
16.png,252,158,259,163,1
16.png,430,385,437,390,1
17.png,189,433,200,448,0
17.png,382,377,389,382,1
17.png,181,399,188,404,1
18.png,206,167,234,172,0
18.png,381,288,398,400,0
18.png,390,361,418,366,0
19.png,148,173,155,178,1
19.png,421,427,438,539,0
19.png,498,333,509,348,0
20.png,184,194,191,199,1
20.png,166,435,214,442,0
20.png,315,201,322,206,1
21.png,260,381,277,493,0
21.png,141,438,152,453,0
21.png,412,382,469,392,0
22.png,244,392,270,398,0
22.png,259,416,307,423,0
22.png,154,457,202,464,0
23.png,143,345,154,360,0
23.png,317,424,365,431,0
23.png,468,334,475,339,1
24.png,176,311,187,326,0
24.png,156,376,163,381,1
24.png,233,476,259,482,0
25.png,285,287,302,399,0
25.png,434,458,491,468,0
25.png,283,341,340,351,0
26.png,239,301,246,306,1
26.png,317,465,365,472,0
26.png,484,287,512,292,0
27.png,469,400,476,405,1
27.png,144,426,170,432,0
27.png,309,226,337,231,0
28.png,327,246,355,251,0
28.png,163,269,170,274,1
28.png,470,444,481,459,0
29.png,424,188,450,194,0
29.png,192,291,209,403,0
29.png,236,479,293,489,0
30.png,484,411,495,426,0
30.png,312,347,360,354,0
30.png,369,150,395,156,0
31.png,190,337,238,344,0
31.png,322,451,339,563,0
31.png,483,501,490,506,1
32.png,223,163,234,178,0
32.png,278,380,326,387,0
32.png,423,323,480,333,0
33.png,226,346,252,352,0
33.png,291,265,308,377,0
33.png,167,264,174,269,1
34.png,122,142,170,149,0
34.png,139,262,146,267,1
34.png,444,419,470,425,0
35.png,367,300,393,306,0
35.png,236,241,247,256,0
35.png,237,134,263,140,0
36.png,367,487,424,497,0
36.png,256,423,313,433,0
36.png,507,326,535,331,0
37.png,168,129,216,136,0
37.png,170,457,181,472,0
37.png,373,300,421,307,0
38.png,348,242,355,247,1
38.png,153,287,181,292,0
38.png,205,379,216,394,0
39.png,474,274,481,279,1
39.png,236,251,293,261,0
39.png,249,460,275,466,0
40.png,222,487,270,494,0
40.png,343,376,369,382,0
40.png,320,172,348,177,0
41.png,272,276,300,281,0
41.png,230,385,237,390,1
41.png,460,194,467,199,1
42.png,337,365,354,477,0
42.png,397,442,454,452,0
42.png,419,418,445,424,0
43.png,386,235,393,240,1
43.png,198,164,224,170,0
43.png,173,298,201,303,0
44.png,174,296,191,408,0
44.png,344,343,355,358,0
44.png,413,325,430,437,0
45.png,145,334,152,339,1
45.png,322,314,370,321,0
45.png,394,251,442,258,0
46.png,466,486,492,492,0
46.png,467,343,474,348,1
46.png,440,306,447,311,1
47.png,259,233,276,345,0
47.png,284,206,291,211,1
47.png,323,425,351,430,0
48.png,227,151,234,156,1
48.png,468,413,494,419,0
48.png,375,358,423,365,0
49.png,507,218,514,223,1
49.png,237,447,265,452,0
49.png,154,503,161,508,1
50.png,343,508,360,620,0
50.png,164,492,221,502,0
50.png,220,160,227,165,1
51.png,257,159,314,169,0
51.png,303,173,310,178,1
51.png,258,136,284,142,0
52.png,398,369,409,384,0
52.png,328,405,376,412,0
52.png,195,273,221,279,0
53.png,328,204,356,209,0
53.png,429,452,455,458,0
53.png,504,378,511,383,1
54.png,412,358,423,373,0
54.png,268,195,285,307,0
54.png,191,253,198,258,1
55.png,211,189,222,204,0
55.png,126,184,183,194,0
55.png,141,249,169,254,0
56.png,265,469,282,581,0
56.png,385,208,411,214,0
56.png,513,132,570,142,0
57.png,463,249,511,256,0
57.png,308,212,365,222,0
57.png,449,407,456,412,1
58.png,174,316,200,322,0
58.png,332,325,339,330,1
58.png,170,522,177,527,1
59.png,255,399,266,414,0
59.png,319,259,345,265,0
59.png,367,434,393,440,0
60.png,437,470,444,475,1
60.png,288,364,316,369,0
60.png,442,143,470,148,0
61.png,173,365,184,380,0
61.png,482,308,489,313,1
61.png,372,156,379,161,1
62.png,338,227,366,232,0
62.png,395,215,402,220,1
62.png,461,268,478,380,0
63.png,480,379,487,384,1
63.png,282,325,289,330,1
63.png,257,141,314,151,0
64.png,423,417,430,422,1
64.png,504,370,511,375,1
64.png,192,471,220,476,0
65.png,193,188,221,193,0
65.png,263,214,280,326,0
65.png,131,457,157,463,0
66.png,295,170,321,176,0
66.png,211,461,218,466,1
66.png,261,252,272,267,0
67.png,215,191,272,201,0
67.png,191,159,248,169,0
67.png,269,284,280,299,0
68.png,450,349,507,359,0
68.png,352,359,409,369,0
68.png,146,506,174,511,0
69.png,121,201,169,208,0
69.png,347,336,364,448,0
69.png,249,217,297,224,0
70.png,345,232,402,242,0
70.png,463,481,474,496,0
70.png,241,217,252,232,0
71.png,421,461,469,468,0
71.png,515,222,526,237,0
71.png,233,521,240,526,1
72.png,324,397,352,402,0
72.png,394,160,401,165,1
72.png,449,326,506,336,0
73.png,382,498,439,508,0
73.png,155,499,166,514,0
73.png,393,465,400,470,1
74.png,513,284,530,396,0
74.png,149,207,175,213,0
74.png,396,524,413,636,0
75.png,389,391,415,397,0
75.png,416,141,473,151,0
75.png,469,454,497,459,0
76.png,334,139,341,144,1
76.png,194,221,220,227,0
76.png,213,222,241,227,0
77.png,158,218,186,223,0
77.png,225,429,282,439,0
77.png,297,245,325,250,0
78.png,230,203,237,208,1
78.png,397,327,425,332,0
78.png,190,188,216,194,0
79.png,470,395,477,400,1
79.png,455,519,462,524,1
79.png,317,330,324,335,1
80.png,428,462,476,469,0
80.png,495,313,521,319,0
80.png,134,384,141,389,1
81.png,492,169,509,281,0
81.png,252,291,309,301,0
81.png,304,402,361,412,0
82.png,473,241,484,256,0
82.png,338,317,345,322,1
82.png,253,496,301,503,0
83.png,332,332,380,339,0
83.png,498,404,505,409,1
83.png,435,506,492,516,0
84.png,403,146,460,156,0
84.png,179,218,205,224,0
84.png,465,476,522,486,0
85.png,159,137,176,249,0
85.png,361,372,368,377,1
85.png,253,398,260,403,1
86.png,417,168,443,174,0
86.png,198,243,205,248,1
86.png,462,147,469,152,1
87.png,372,243,398,249,0
87.png,302,226,359,236,0
87.png,136,239,164,244,0
88.png,165,445,193,450,0
88.png,157,425,168,440,0
88.png,443,505,491,512,0
89.png,439,436,450,451,0
89.png,402,145,413,160,0
89.png,415,307,472,317,0
90.png,415,215,463,222,0
90.png,183,327,194,342,0
90.png,306,196,363,206,0
91.png,454,519,461,524,1
91.png,193,365,210,477,0
91.png,360,310,371,325,0
92.png,132,492,139,497,1
92.png,435,430,483,437,0
92.png,172,280,179,285,1
93.png,427,176,438,191,0
93.png,463,298,474,313,0
93.png,355,142,372,254,0
94.png,122,246,170,253,0
94.png,441,209,467,215,0
94.png,173,228,184,243,0
95.png,319,358,336,470,0
95.png,237,427,285,434,0
95.png,379,147,390,162,0
96.png,277,417,288,432,0
96.png,347,412,354,417,1
96.png,311,298,339,303,0
97.png,489,212,515,218,0
97.png,227,393,234,398,1
97.png,367,488,415,495,0
98.png,197,297,214,409,0
98.png,515,316,522,321,1
98.png,224,366,281,376,0
99.png,492,149,520,154,0
99.png,435,274,463,279,0
99.png,327,268,344,380,0
100.png,442,296,449,301,1
100.png,468,239,494,245,0
100.png,450,146,457,151,1
101.png,502,183,530,188,0
101.png,228,319,235,324,1
101.png,254,317,282,322,0
102.png,365,331,413,338,0
102.png,441,502,448,507,1
102.png,399,147,447,154,0
103.png,149,415,156,420,1
103.png,185,397,192,402,1
103.png,160,214,177,326,0
104.png,184,135,210,141,0
104.png,469,210,526,220,0
104.png,189,377,196,382,1
105.png,358,392,406,399,0
105.png,130,130,156,136,0
105.png,307,437,355,444,0
106.png,380,246,397,358,0
106.png,252,332,259,337,1
106.png,359,348,385,354,0
107.png,321,426,328,431,1
107.png,472,242,479,247,1
107.png,231,482,257,488,0
108.png,330,243,387,253,0
108.png,319,162,345,168,0
108.png,156,308,213,318,0
109.png,279,282,296,394,0
109.png,195,423,206,438,0
109.png,140,459,168,464,0
110.png,453,263,460,268,1
110.png,479,206,490,221,0
110.png,457,437,485,442,0
111.png,163,342,170,347,1
111.png,426,293,437,308,0
111.png,413,297,420,302,1
112.png,230,278,237,283,1
112.png,474,266,481,271,1
112.png,487,346,535,353,0
113.png,197,466,254,476,0
113.png,443,181,450,186,1
113.png,342,166,390,173,0
114.png,331,285,359,290,0
114.png,317,186,345,191,0
114.png,229,311,236,316,1
115.png,341,360,389,367,0
115.png,313,473,361,480,0
115.png,203,240,210,245,1
116.png,454,288,461,293,1
116.png,131,477,188,487,0
116.png,171,525,188,637,0
117.png,302,135,350,142,0
117.png,151,282,158,287,1
117.png,435,502,463,507,0
118.png,430,241,458,246,0
118.png,350,422,376,428,0
118.png,435,381,461,387,0
119.png,419,373,436,485,0
119.png,298,501,326,506,0
119.png,268,216,316,223,0
120.png,329,447,346,559,0
120.png,211,217,218,222,1
120.png,222,390,233,405,0
121.png,386,138,443,148,0
121.png,283,284,300,396,0
121.png,287,422,304,534,0
122.png,376,190,433,200,0
122.png,277,377,325,384,0
122.png,354,169,380,175,0
123.png,238,305,295,315,0
123.png,303,167,331,172,0
123.png,499,313,527,318,0
124.png,386,128,412,134,0
124.png,470,256,477,261,1
124.png,200,228,226,234,0
125.png,384,239,410,245,0
125.png,358,325,384,331,0
125.png,148,241,165,353,0
126.png,271,431,319,438,0
126.png,154,308,180,314,0
126.png,205,503,262,513,0
127.png,344,183,372,188,0
127.png,376,230,404,235,0
127.png,191,284,198,289,1
128.png,386,216,393,221,1
128.png,218,328,225,333,1
128.png,232,177,289,187,0
129.png,314,280,325,295,0
129.png,236,435,262,441,0
129.png,222,276,250,281,0
130.png,488,329,505,441,0
130.png,455,430,462,435,1
130.png,289,210,337,217,0
131.png,515,474,522,479,1
131.png,212,204,219,209,1
131.png,266,372,283,484,0
132.png,236,404,293,414,0
132.png,344,217,372,222,0
132.png,251,195,299,202,0
133.png,391,144,408,256,0
133.png,345,193,393,200,0
133.png,173,145,199,151,0
134.png,418,429,466,436,0
134.png,186,266,197,281,0
134.png,463,345,520,355,0
135.png,259,213,266,218,1
135.png,213,260,261,267,0
135.png,474,349,500,355,0
136.png,203,135,229,141,0
136.png,265,203,291,209,0
136.png,226,436,233,441,1
137.png,426,314,452,320,0
137.png,227,484,255,489,0
137.png,379,127,427,134,0
138.png,496,422,553,432,0
138.png,212,431,240,436,0
138.png,351,521,358,526,1
139.png,467,354,495,359,0
139.png,368,433,379,448,0
139.png,172,231,179,236,1
140.png,420,170,431,185,0
140.png,463,261,511,268,0
140.png,385,211,411,217,0
141.png,313,123,370,133,0
141.png,405,301,462,311,0
141.png,330,145,387,155,0
142.png,198,456,209,471,0
142.png,364,289,371,294,1
142.png,285,279,313,284,0
143.png,137,198,165,203,0
143.png,135,236,192,246,0
143.png,208,264,256,271,0
144.png,245,461,273,466,0
144.png,418,401,425,406,1
144.png,206,338,223,450,0
145.png,194,193,205,208,0
145.png,166,429,173,434,1
145.png,303,269,320,381,0
146.png,289,456,346,466,0
146.png,328,398,356,403,0
146.png,120,257,168,264,0
147.png,495,450,552,460,0
147.png,422,401,433,416,0
147.png,300,208,326,214,0
148.png,466,196,473,201,1
148.png,179,190,205,196,0
148.png,336,316,364,321,0
149.png,157,418,185,423,0
149.png,424,266,431,271,1
149.png,194,260,220,266,0
150.png,302,197,328,203,0
150.png,432,234,439,239,1
150.png,349,420,356,425,1
151.png,131,219,148,331,0
151.png,434,490,441,495,1
151.png,373,259,399,265,0
152.png,333,248,390,258,0
152.png,248,389,255,394,1
152.png,233,364,244,379,0
153.png,194,301,205,316,0
153.png,408,456,425,568,0
153.png,432,163,449,275,0
154.png,293,266,350,276,0
154.png,234,159,251,271,0
154.png,312,220,340,225,0
155.png,363,238,374,253,0
155.png,512,454,523,469,0
155.png,444,405,472,410,0
156.png,163,222,180,334,0
156.png,135,278,163,283,0
156.png,217,235,245,240,0
157.png,472,489,520,496,0
157.png,182,243,193,258,0
157.png,225,299,236,314,0
158.png,172,448,220,455,0
158.png,325,417,332,422,1
158.png,275,381,323,388,0
159.png,389,412,446,422,0
159.png,407,230,464,240,0
159.png,316,517,333,629,0
160.png,261,457,272,472,0
160.png,407,365,433,371,0
160.png,165,370,182,482,0
161.png,377,211,425,218,0
161.png,277,200,284,205,1
161.png,398,295,405,300,1
162.png,483,374,509,380,0
162.png,187,198,213,204,0
162.png,193,308,250,318,0
163.png,484,448,541,458,0
163.png,398,239,415,351,0
163.png,416,276,427,291,0
164.png,199,328,206,333,1
164.png,312,135,369,145,0
164.png,251,469,262,484,0
165.png,320,265,331,280,0
165.png,146,322,174,327,0
165.png,184,164,191,169,1
166.png,351,497,362,512,0
166.png,349,440,356,445,1
166.png,391,140,439,147,0
167.png,374,503,402,508,0
167.png,465,497,476,512,0
167.png,229,253,277,260,0
168.png,277,400,305,405,0
168.png,366,456,414,463,0
168.png,310,406,367,416,0
169.png,118,434,166,441,0
169.png,443,347,491,354,0
169.png,194,142,201,147,1
170.png,231,122,279,129,0
170.png,214,442,225,457,0
170.png,150,269,157,274,1
171.png,438,352,449,367,0
171.png,232,396,243,411,0
171.png,487,486,504,598,0
172.png,277,461,284,466,1
172.png,174,447,181,452,1
172.png,181,310,192,325,0
173.png,153,305,164,320,0
173.png,160,159,217,169,0
173.png,515,461,522,466,1
174.png,396,192,453,202,0
174.png,343,409,400,419,0
174.png,201,358,208,363,1
175.png,510,483,517,488,1
175.png,338,262,366,267,0
175.png,161,196,187,202,0
176.png,261,304,289,309,0
176.png,467,490,515,497,0
176.png,263,263,274,278,0
177.png,412,305,469,315,0
177.png,258,317,265,322,1
177.png,266,314,323,324,0
178.png,154,266,211,276,0
178.png,172,255,200,260,0
178.png,412,412,419,417,1
179.png,265,439,276,454,0
179.png,399,367,410,382,0
179.png,364,319,390,325,0
180.png,431,253,457,259,0
180.png,287,231,335,238,0
180.png,219,190,226,195,1
181.png,312,320,329,432,0
181.png,456,248,473,360,0
181.png,253,186,260,191,1
182.png,421,454,449,459,0
182.png,230,455,237,460,1
182.png,370,175,427,185,0
183.png,264,134,271,139,1
183.png,144,417,172,422,0
183.png,292,363,309,475,0
184.png,180,378,191,393,0
184.png,247,293,254,298,1
184.png,331,137,338,142,1
185.png,246,200,257,215,0
185.png,158,407,206,414,0
185.png,132,255,149,367,0
186.png,227,251,234,256,1
186.png,124,259,150,265,0
186.png,208,195,256,202,0
187.png,182,238,230,245,0
187.png,121,415,169,422,0
187.png,192,209,240,216,0
188.png,510,332,527,444,0
188.png,297,280,304,285,1
188.png,252,358,280,363,0
189.png,314,303,340,309,0
189.png,237,361,254,473,0
189.png,152,365,169,477,0
190.png,363,430,370,435,1
190.png,290,399,316,405,0
190.png,416,290,423,295,1
191.png,327,443,338,458,0
191.png,407,249,433,255,0
191.png,167,381,174,386,1
192.png,291,422,298,427,1
192.png,481,315,488,320,1
192.png,322,504,339,616,0
193.png,472,362,479,367,1
193.png,323,273,340,385,0
193.png,169,402,195,408,0
194.png,250,423,298,430,0
194.png,289,312,296,317,1
194.png,175,370,232,380,0
195.png,127,367,175,374,0
195.png,321,402,369,409,0
195.png,487,355,504,467,0
196.png,276,312,302,318,0
196.png,515,431,522,436,1
196.png,149,356,206,366,0
197.png,476,510,502,516,0
197.png,400,400,457,410,0
197.png,347,144,354,149,1
198.png,466,260,523,270,0
198.png,381,458,398,570,0
198.png,461,427,468,432,1
199.png,495,244,523,249,0
199.png,306,403,354,410,0
199.png,260,479,271,494,0
200.png,150,374,157,379,1
200.png,349,308,356,313,1
200.png,311,188,359,195,0
201.png,287,363,298,378,0
201.png,187,157,194,162,1
201.png,299,401,316,513,0
202.png,124,477,181,487,0
202.png,263,311,320,321,0
202.png,346,275,357,290,0
203.png,448,349,476,354,0
203.png,182,135,210,140,0
203.png,245,327,262,439,0
204.png,501,473,512,488,0
204.png,470,507,527,517,0
204.png,312,134,360,141,0
205.png,342,491,370,496,0
205.png,277,392,284,397,1
205.png,313,457,361,464,0
206.png,123,324,149,330,0
206.png,249,377,277,382,0
206.png,281,351,298,463,0
207.png,156,392,213,402,0
207.png,257,411,283,417,0
207.png,321,471,349,476,0
208.png,349,273,375,279,0
208.png,157,312,214,322,0
208.png,499,258,506,263,1
209.png,387,259,394,264,1
209.png,446,333,453,338,1
209.png,311,165,339,170,0
210.png,373,191,421,198,0
210.png,453,379,460,384,1
210.png,419,232,426,237,1
211.png,423,406,480,416,0
211.png,366,517,394,522,0
211.png,445,295,456,310,0
212.png,498,506,515,618,0
212.png,458,479,475,591,0
212.png,397,294,445,301,0
213.png,362,458,379,570,0
213.png,203,463,251,470,0
213.png,504,423,515,438,0
214.png,330,381,347,493,0
214.png,357,209,374,321,0
214.png,189,486,246,496,0
215.png,306,448,332,454,0
215.png,248,494,274,500,0
215.png,133,130,144,145,0
216.png,352,170,378,176,0
216.png,520,522,548,527,0
216.png,378,207,385,212,1
217.png,488,465,495,470,1
217.png,368,220,396,225,0
217.png,137,165,194,175,0
218.png,204,340,252,347,0
218.png,379,445,405,451,0
218.png,172,216,229,226,0
219.png,160,503,171,518,0
219.png,485,201,492,206,1
219.png,300,500,357,510,0
220.png,402,414,419,526,0
220.png,399,240,410,255,0
220.png,135,379,142,384,1
221.png,187,259,198,274,0
221.png,188,483,236,490,0
221.png,237,140,254,252,0
222.png,413,441,420,446,1
222.png,195,233,202,238,1
222.png,255,326,283,331,0
223.png,263,139,274,154,0
223.png,277,312,334,322,0
223.png,254,212,311,222,0
224.png,253,456,281,461,0
224.png,297,165,354,175,0
224.png,426,263,452,269,0
225.png,374,462,400,468,0
225.png,482,362,489,367,1
225.png,476,298,483,303,1
226.png,266,431,314,438,0
226.png,334,443,391,453,0
226.png,152,176,178,182,0
227.png,263,162,274,177,0
227.png,182,518,189,523,1
227.png,126,288,183,298,0
228.png,418,268,425,273,1
228.png,170,220,181,235,0
228.png,264,513,271,518,1
229.png,474,323,531,333,0
229.png,233,294,244,309,0
229.png,509,340,526,452,0
230.png,401,298,429,303,0
230.png,475,412,482,417,1
230.png,241,215,248,220,1
231.png,392,157,418,163,0
231.png,291,465,298,470,1
231.png,332,518,339,523,1
232.png,128,138,185,148,0
232.png,174,285,191,397,0
232.png,407,440,424,552,0
233.png,228,216,254,222,0
233.png,467,266,474,271,1
233.png,468,179,479,194,0
234.png,291,204,319,209,0
234.png,209,368,220,383,0
234.png,120,478,168,485,0
235.png,276,340,302,346,0
235.png,442,505,499,515,0
235.png,353,294,370,406,0
236.png,402,354,413,369,0
236.png,405,358,416,373,0
236.png,370,210,377,215,1
237.png,374,415,422,422,0
237.png,253,234,301,241,0
237.png,321,378,328,383,1
238.png,461,143,509,150,0
238.png,288,374,295,379,1
238.png,500,146,507,151,1
239.png,242,185,249,190,1
239.png,352,218,359,223,1
239.png,423,396,451,401,0
240.png,162,467,210,474,0
240.png,252,459,280,464,0
240.png,398,304,405,309,1
241.png,198,264,205,269,1
241.png,428,218,439,233,0
241.png,280,323,306,329,0
242.png,376,487,404,492,0
242.png,186,291,193,296,1
242.png,491,286,502,301,0
243.png,183,400,209,406,0
243.png,249,405,256,410,1
243.png,296,163,313,275,0
244.png,300,177,311,192,0
244.png,148,499,165,611,0
244.png,297,348,325,353,0
245.png,154,308,202,315,0
245.png,182,289,208,295,0
245.png,156,188,204,195,0
246.png,251,417,279,422,0
246.png,259,331,307,338,0
246.png,240,397,297,407,0
247.png,437,395,463,401,0
247.png,460,182,471,197,0
247.png,213,269,261,276,0
248.png,220,501,231,516,0
248.png,317,370,374,380,0
248.png,236,241,284,248,0
249.png,350,191,378,196,0
249.png,338,358,345,363,1
249.png,220,308,227,313,1
250.png,312,154,319,159,1
250.png,388,266,399,281,0
250.png,240,339,247,344,1
251.png,503,360,520,472,0
251.png,333,342,340,347,1
251.png,380,128,437,138,0
252.png,141,507,148,512,1
252.png,188,160,236,167,0
252.png,317,290,343,296,0
253.png,144,500,172,505,0
253.png,338,494,345,499,1
253.png,207,420,235,425,0
254.png,366,238,414,245,0
254.png,313,236,339,242,0
254.png,401,474,408,479,1
255.png,485,512,511,518,0
255.png,498,136,546,143,0
255.png,227,447,234,452,1
256.png,228,136,254,142,0
256.png,465,211,476,226,0
256.png,199,498,227,503,0
257.png,407,257,464,267,0
257.png,128,277,185,287,0
257.png,214,477,231,589,0
258.png,197,459,208,474,0
258.png,290,137,307,249,0
258.png,414,198,442,203,0
259.png,315,164,343,169,0
259.png,424,304,435,319,0
259.png,468,383,525,393,0
260.png,165,231,213,238,0
260.png,384,277,432,284,0
260.png,402,206,413,221,0
261.png,239,126,296,136,0
261.png,202,150,209,155,1
261.png,283,388,290,393,1
262.png,499,281,525,287,0
262.png,488,485,505,597,0
262.png,260,424,267,429,1
263.png,379,238,390,253,0
263.png,276,202,302,208,0
263.png,200,371,211,386,0
264.png,331,235,342,250,0
264.png,407,449,424,561,0
264.png,462,230,519,240,0
265.png,384,230,441,240,0
265.png,259,399,285,405,0
265.png,406,237,432,243,0
266.png,321,403,349,408,0
266.png,497,433,514,545,0
266.png,447,459,504,469,0
267.png,220,494,227,499,1
267.png,375,239,382,244,1
267.png,343,257,350,262,1
268.png,177,123,188,138,0
268.png,427,252,484,262,0
268.png,363,446,374,461,0
269.png,258,123,315,133,0
269.png,260,287,308,294,0
269.png,202,313,219,425,0
270.png,372,446,379,451,1
270.png,335,491,392,501,0
270.png,350,340,378,345,0
271.png,199,380,206,385,1
271.png,427,134,453,140,0
271.png,488,136,514,142,0
272.png,372,437,383,452,0
272.png,347,442,404,452,0
272.png,217,398,274,408,0
273.png,323,151,330,156,1
273.png,431,335,442,350,0
273.png,198,287,205,292,1
274.png,244,356,255,371,0
274.png,255,322,262,327,1
274.png,225,447,251,453,0
275.png,372,269,389,381,0
275.png,312,358,319,363,1
275.png,152,439,178,445,0
276.png,135,245,163,250,0
276.png,271,439,299,444,0
276.png,391,435,448,445,0
277.png,163,401,174,416,0
277.png,450,397,507,407,0
277.png,251,283,268,395,0
278.png,250,273,267,385,0
278.png,355,278,383,283,0
278.png,137,267,144,272,1
279.png,203,352,214,367,0
279.png,259,457,307,464,0
279.png,178,280,185,285,1
280.png,166,178,177,193,0
280.png,417,154,424,159,1
280.png,276,316,324,323,0
281.png,457,334,468,349,0
281.png,368,281,394,287,0
281.png,297,290,314,402,0
282.png,324,147,352,152,0
282.png,314,350,340,356,0
282.png,448,242,455,247,1
283.png,425,464,436,479,0
283.png,518,307,525,312,1
283.png,447,504,495,511,0
284.png,362,164,369,169,1
284.png,176,505,224,512,0
284.png,446,445,494,452,0
285.png,255,291,262,296,1
285.png,228,307,285,317,0
285.png,359,228,376,340,0
286.png,312,312,340,317,0
286.png,182,464,210,469,0
286.png,130,238,178,245,0
287.png,323,205,330,210,1
287.png,222,367,239,479,0
287.png,218,491,244,497,0
288.png,290,488,318,493,0
288.png,340,407,366,413,0
288.png,139,237,187,244,0
289.png,174,265,200,271,0
289.png,142,456,168,462,0
289.png,502,453,530,458,0
290.png,424,159,435,174,0
290.png,290,486,316,492,0
290.png,339,383,387,390,0
291.png,226,342,233,347,1
291.png,485,373,533,380,0
291.png,236,487,243,492,1
292.png,237,354,248,369,0
292.png,287,499,294,504,1
292.png,195,323,206,338,0
293.png,288,308,295,313,1
293.png,160,279,188,284,0
293.png,521,324,549,329,0
294.png,271,473,278,478,1
294.png,363,259,420,269,0
294.png,486,478,534,485,0
295.png,251,345,277,351,0
295.png,286,167,314,172,0
295.png,408,515,415,520,1
296.png,144,211,172,216,0
296.png,386,321,393,326,1
296.png,418,233,425,238,1
297.png,200,321,217,433,0
297.png,351,215,379,220,0
297.png,333,378,390,388,0
298.png,259,494,266,499,1
298.png,367,447,374,452,1
298.png,296,296,313,408,0
299.png,267,138,324,148,0
299.png,179,331,207,336,0
299.png,141,182,148,187,1
300.png,236,373,247,388,0
300.png,465,125,476,140,0
300.png,158,333,165,338,1
301.png,480,270,537,280,0
301.png,457,162,514,172,0
301.png,262,288,269,293,1
302.png,236,361,262,367,0
302.png,208,242,236,247,0
302.png,392,191,399,196,1
303.png,132,456,158,462,0
303.png,257,385,314,395,0
303.png,355,132,366,147,0
304.png,339,510,367,515,0
304.png,153,221,170,333,0
304.png,186,320,214,325,0
305.png,166,449,192,455,0
305.png,216,167,223,172,1
305.png,339,419,346,424,1
306.png,306,177,313,182,1
306.png,289,259,337,266,0
306.png,443,291,471,296,0
307.png,504,214,521,326,0
307.png,427,407,475,414,0
307.png,184,216,241,226,0
308.png,401,504,458,514,0
308.png,203,280,251,287,0
308.png,457,503,485,508,0
309.png,358,386,415,396,0
309.png,341,236,369,241,0
309.png,190,486,197,491,1
310.png,220,501,277,511,0
310.png,391,443,398,448,1
310.png,188,279,205,391,0
311.png,334,240,351,352,0
311.png,211,277,237,283,0
311.png,380,133,408,138,0
312.png,425,368,432,373,1
312.png,277,326,284,331,1
312.png,388,310,414,316,0
313.png,301,192,349,199,0
313.png,397,241,454,251,0
313.png,481,172,492,187,0
314.png,297,338,323,344,0
314.png,208,425,265,435,0
314.png,129,406,155,412,0
315.png,472,506,498,512,0
315.png,165,480,172,485,1
315.png,399,252,427,257,0
316.png,181,310,188,315,1
316.png,153,488,160,493,1
316.png,486,359,512,365,0
317.png,450,212,498,219,0
317.png,396,461,453,471,0
317.png,310,177,358,184,0
318.png,314,372,340,378,0
318.png,322,389,370,396,0
318.png,325,305,332,310,1
319.png,420,510,448,515,0
319.png,257,499,314,509,0
319.png,144,254,172,259,0
320.png,323,447,380,457,0
320.png,171,284,197,290,0
320.png,459,149,466,154,1
321.png,476,412,483,417,1
321.png,201,120,249,127,0
321.png,195,141,221,147,0
322.png,422,285,429,290,1
322.png,242,158,253,173,0
322.png,348,127,396,134,0
323.png,238,245,245,250,1
323.png,457,391,474,503,0
323.png,301,125,349,132,0
324.png,332,124,343,139,0
324.png,379,230,407,235,0
324.png,476,291,524,298,0
325.png,256,207,284,212,0
325.png,347,337,375,342,0
325.png,360,208,408,215,0
326.png,274,172,281,177,1
326.png,349,372,406,382,0
326.png,390,222,416,228,0
327.png,360,384,417,394,0
327.png,298,254,355,264,0
327.png,460,466,477,578,0
328.png,174,441,202,446,0
328.png,313,358,320,363,1
328.png,350,415,367,527,0
329.png,219,505,226,510,1
329.png,229,329,236,334,1
329.png,492,341,518,347,0
330.png,285,401,292,406,1
330.png,502,208,519,320,0
330.png,453,143,464,158,0
331.png,242,184,259,296,0
331.png,162,146,210,153,0
331.png,463,268,480,380,0
332.png,224,342,272,349,0
332.png,494,237,520,243,0
332.png,226,368,254,373,0
333.png,456,384,484,389,0
333.png,296,380,303,385,1
333.png,338,202,345,207,1
334.png,348,490,355,495,1
334.png,216,346,227,361,0
334.png,222,157,279,167,0
335.png,470,206,527,216,0
335.png,182,170,210,175,0
335.png,293,351,321,356,0
336.png,413,440,441,445,0
336.png,261,400,287,406,0
336.png,276,347,293,459,0
337.png,419,310,445,316,0
337.png,179,466,196,578,0
337.png,382,343,399,455,0
338.png,291,361,348,371,0
338.png,266,293,273,298,1
338.png,186,263,193,268,1
339.png,189,487,196,492,1
339.png,438,316,466,321,0
339.png,381,495,438,505,0
340.png,390,142,401,157,0
340.png,372,519,379,524,1
340.png,387,511,413,517,0
341.png,165,354,193,359,0
341.png,333,371,359,377,0
341.png,150,279,157,284,1
342.png,262,247,273,262,0
342.png,456,446,482,452,0
342.png,147,168,158,183,0
343.png,475,409,482,414,1
343.png,274,391,322,398,0
343.png,184,234,201,346,0
344.png,487,307,494,312,1
344.png,253,255,270,367,0
344.png,198,413,215,525,0
345.png,235,280,252,392,0
345.png,148,505,174,511,0
345.png,452,303,480,308,0
346.png,189,183,215,189,0
346.png,216,139,242,145,0
346.png,200,213,228,218,0
347.png,341,505,358,617,0
347.png,305,272,322,384,0
347.png,256,294,284,299,0
348.png,200,290,226,296,0
348.png,183,295,190,300,1
348.png,299,309,327,314,0
349.png,485,391,502,503,0
349.png,481,263,538,273,0
349.png,319,365,336,477,0
350.png,483,336,490,341,1
350.png,255,148,283,153,0
350.png,384,226,412,231,0
351.png,474,261,531,271,0
351.png,467,238,515,245,0
351.png,138,312,195,322,0
352.png,145,517,152,522,1
352.png,480,366,528,373,0
352.png,485,350,513,355,0
353.png,454,130,502,137,0
353.png,305,218,362,228,0
353.png,299,207,325,213,0
354.png,436,326,443,331,1
354.png,310,228,336,234,0
354.png,320,408,346,414,0
355.png,495,341,502,346,1
355.png,361,498,389,503,0
355.png,331,165,359,170,0
356.png,448,448,474,454,0
356.png,172,246,179,251,1
356.png,243,330,250,335,1
357.png,411,399,418,404,1
357.png,300,412,311,427,0
357.png,256,386,304,393,0
358.png,333,224,381,231,0
358.png,333,207,344,222,0
358.png,450,198,476,204,0
359.png,459,317,466,322,1
359.png,195,436,202,441,1
359.png,222,313,250,318,0
360.png,192,216,240,223,0
360.png,427,157,434,162,1
360.png,498,194,505,199,1
361.png,186,227,212,233,0
361.png,337,189,394,199,0
361.png,512,500,529,612,0
362.png,129,232,136,237,1
362.png,243,258,269,264,0
362.png,412,301,438,307,0
363.png,501,385,508,390,1
363.png,368,449,375,454,1
363.png,142,377,153,392,0
364.png,406,453,432,459,0
364.png,298,442,305,447,1
364.png,142,342,199,352,0
365.png,319,279,336,391,0
365.png,365,472,391,478,0
365.png,454,131,502,138,0
366.png,511,469,539,474,0
366.png,218,171,229,186,0
366.png,351,192,408,202,0
367.png,261,212,287,218,0
367.png,245,234,256,249,0
367.png,135,313,183,320,0
368.png,324,255,352,260,0
368.png,141,309,158,421,0
368.png,189,265,196,270,1
369.png,494,221,501,226,1
369.png,469,475,480,490,0
369.png,343,147,350,152,1
370.png,344,453,351,458,1
370.png,478,260,485,265,1
370.png,325,332,342,444,0
371.png,161,156,178,268,0
371.png,377,172,403,178,0
371.png,182,315,189,320,1
372.png,172,452,179,457,1
372.png,233,333,259,339,0
372.png,226,446,233,451,1
373.png,148,195,159,210,0
373.png,500,153,526,159,0
373.png,436,367,453,479,0
374.png,352,271,380,276,0
374.png,373,375,380,380,1
374.png,150,366,157,371,1
375.png,286,368,343,378,0
375.png,483,489,509,495,0
375.png,423,496,471,503,0
376.png,135,286,183,293,0
376.png,485,430,542,440,0
376.png,132,467,139,472,1
377.png,181,192,229,199,0
377.png,132,254,139,259,1
377.png,159,486,166,491,1
378.png,316,370,327,385,0
378.png,513,274,520,279,1
378.png,499,412,516,524,0
379.png,207,436,255,443,0
379.png,321,226,347,232,0
379.png,370,276,387,388,0
380.png,496,269,503,274,1
380.png,177,187,194,299,0
380.png,382,252,410,257,0
381.png,510,246,527,358,0
381.png,312,187,319,192,1
381.png,224,405,272,412,0
382.png,277,462,334,472,0
382.png,244,339,251,344,1
382.png,479,377,527,384,0
383.png,384,453,391,458,1
383.png,225,426,282,436,0
383.png,169,138,217,145,0
384.png,508,189,565,199,0
384.png,172,327,229,337,0
384.png,381,124,407,130,0
385.png,152,365,200,372,0
385.png,412,492,469,502,0
385.png,147,231,164,343,0
386.png,204,145,221,257,0
386.png,309,234,337,239,0
386.png,507,382,535,387,0
387.png,339,297,367,302,0
387.png,307,254,335,259,0
387.png,224,315,252,320,0
388.png,448,279,465,391,0
388.png,469,450,495,456,0
388.png,315,228,372,238,0
389.png,398,397,424,403,0
389.png,398,462,424,468,0
389.png,202,481,213,496,0
390.png,238,225,245,230,1
390.png,221,230,278,240,0
390.png,256,437,284,442,0
391.png,155,251,183,256,0
391.png,285,488,342,498,0
391.png,499,420,525,426,0
392.png,322,428,350,433,0
392.png,308,522,315,527,1
392.png,273,424,299,430,0
393.png,426,174,483,184,0
393.png,297,260,314,372,0
393.png,376,482,404,487,0
394.png,509,285,520,300,0
394.png,490,274,501,289,0
394.png,484,427,491,432,1
395.png,214,295,231,407,0
395.png,281,324,292,339,0
395.png,434,480,451,592,0
396.png,431,133,442,148,0
396.png,367,333,415,340,0
396.png,505,228,562,238,0
397.png,514,399,531,511,0
397.png,229,278,277,285,0
397.png,274,164,281,169,1
398.png,314,464,340,470,0
398.png,387,458,404,570,0
398.png,282,466,330,473,0
399.png,325,384,373,391,0
399.png,331,317,388,327,0
399.png,473,497,480,502,1
400.png,417,149,474,159,0
400.png,477,458,534,468,0
400.png,473,199,490,311,0
401.png,217,155,274,165,0
401.png,274,522,281,527,1
401.png,493,461,541,468,0
402.png,290,253,297,258,1
402.png,159,417,187,422,0
402.png,491,192,548,202,0
403.png,450,279,476,285,0
403.png,380,307,406,313,0
403.png,293,284,321,289,0
404.png,482,325,499,437,0
404.png,223,171,280,181,0
404.png,504,210,561,220,0
405.png,159,252,166,257,1
405.png,339,244,367,249,0
405.png,244,509,270,515,0
406.png,473,207,490,319,0
406.png,373,212,380,217,1
406.png,346,195,357,210,0
407.png,359,226,407,233,0
407.png,217,289,274,299,0
407.png,279,150,305,156,0
408.png,313,153,324,168,0
408.png,142,508,168,514,0
408.png,479,371,496,483,0
409.png,163,413,220,423,0
409.png,211,236,228,348,0
409.png,130,495,156,501,0
410.png,415,428,422,433,1
410.png,300,245,348,252,0
410.png,420,378,468,385,0
411.png,238,256,264,262,0
411.png,358,163,365,168,1
411.png,135,237,161,243,0
412.png,189,241,246,251,0
412.png,455,273,483,278,0
412.png,422,408,448,414,0
413.png,305,299,316,314,0
413.png,385,236,392,241,1
413.png,150,317,176,323,0
414.png,221,180,269,187,0
414.png,403,502,420,614,0
414.png,470,207,496,213,0
415.png,444,503,501,513,0
415.png,136,142,143,147,1
415.png,464,301,471,306,1
416.png,484,369,495,384,0
416.png,214,207,242,212,0
416.png,137,369,165,374,0
417.png,145,444,156,459,0
417.png,401,174,408,179,1
417.png,278,291,326,298,0
418.png,253,183,260,188,1
418.png,333,441,340,446,1
418.png,359,294,416,304,0
419.png,384,416,412,421,0
419.png,152,157,159,162,1
419.png,288,510,295,515,1
420.png,449,205,506,215,0
420.png,278,445,289,460,0
420.png,180,146,208,151,0
421.png,157,330,183,336,0
421.png,348,232,376,237,0
421.png,417,455,424,460,1
422.png,252,136,300,143,0
422.png,240,148,257,260,0
422.png,324,386,352,391,0
423.png,401,369,429,374,0
423.png,314,155,342,160,0
423.png,395,472,402,477,1
424.png,425,470,482,480,0
424.png,443,489,460,601,0
424.png,349,324,375,330,0
425.png,218,133,266,140,0
425.png,225,476,232,481,1
425.png,283,498,309,504,0
426.png,216,476,264,483,0
426.png,241,491,269,496,0
426.png,198,340,205,345,1
427.png,355,244,372,356,0
427.png,429,506,457,511,0
427.png,313,452,339,458,0
428.png,511,435,539,440,0
428.png,183,341,194,356,0
428.png,220,422,237,534,0
429.png,184,173,210,179,0
429.png,120,158,168,165,0
429.png,369,219,395,225,0
430.png,317,329,374,339,0
430.png,338,124,349,139,0
430.png,455,327,462,332,1
431.png,384,390,391,395,1
431.png,480,296,528,303,0
431.png,226,154,254,159,0
432.png,464,385,492,390,0
432.png,329,398,377,405,0
432.png,281,385,288,390,1
433.png,413,412,420,417,1
433.png,126,125,174,132,0
433.png,270,157,277,162,1
434.png,508,507,515,512,1
434.png,225,464,251,470,0
434.png,322,293,350,298,0
435.png,302,374,328,380,0
435.png,281,422,309,427,0
435.png,283,220,309,226,0
436.png,195,419,243,426,0
436.png,384,481,412,486,0
436.png,161,442,168,447,1
437.png,164,377,190,383,0
437.png,219,166,226,171,1
437.png,418,368,429,383,0
438.png,462,275,473,290,0
438.png,155,477,183,482,0
438.png,333,327,359,333,0
439.png,402,330,409,335,1
439.png,298,255,326,260,0
439.png,396,256,424,261,0
440.png,479,232,536,242,0
440.png,388,449,399,464,0
440.png,450,274,507,284,0
441.png,324,422,341,534,0
441.png,220,345,277,355,0
441.png,211,172,268,182,0
442.png,192,242,240,249,0
442.png,323,191,371,198,0
442.png,236,325,262,331,0
443.png,153,420,160,425,1
443.png,166,170,177,185,0
443.png,474,369,485,384,0
444.png,385,432,442,442,0
444.png,411,495,459,502,0
444.png,360,495,371,510,0
445.png,245,305,293,312,0
445.png,196,282,222,288,0
445.png,471,494,482,509,0
446.png,198,334,205,339,1
446.png,349,152,360,167,0
446.png,261,231,318,241,0
447.png,328,442,354,448,0
447.png,254,360,302,367,0
447.png,428,364,456,369,0
448.png,438,228,464,234,0
448.png,364,458,390,464,0
448.png,342,428,399,438,0
449.png,174,465,200,471,0
449.png,332,254,360,259,0
449.png,294,358,320,364,0
450.png,199,221,225,227,0
450.png,220,140,246,146,0
450.png,144,273,192,280,0
451.png,406,165,454,172,0
451.png,298,120,355,130,0
451.png,387,438,394,443,1
452.png,172,417,220,424,0
452.png,336,241,393,251,0
452.png,217,374,274,384,0
453.png,341,201,348,206,1
453.png,223,230,230,235,1
453.png,214,346,231,458,0
454.png,219,191,230,206,0
454.png,471,164,478,169,1
454.png,516,371,544,376,0
455.png,363,456,374,471,0
455.png,397,377,414,489,0
455.png,211,236,268,246,0
456.png,413,250,420,255,1
456.png,282,309,293,324,0
456.png,202,147,213,162,0
457.png,342,416,353,431,0
457.png,448,236,455,241,1
457.png,423,263,451,268,0
458.png,218,197,266,204,0
458.png,218,364,246,369,0
458.png,512,228,519,233,1
459.png,148,410,176,415,0
459.png,189,177,215,183,0
459.png,311,147,359,154,0
460.png,388,414,416,419,0
460.png,226,362,283,372,0
460.png,185,284,242,294,0
461.png,231,388,238,393,1
461.png,297,272,304,277,1
461.png,195,485,212,597,0
462.png,335,150,361,156,0
462.png,233,311,244,326,0
462.png,474,346,531,356,0
463.png,503,394,510,399,1
463.png,515,166,522,171,1
463.png,502,309,559,319,0
464.png,404,142,411,147,1
464.png,250,496,307,506,0
464.png,122,310,148,316,0
465.png,148,425,176,430,0
465.png,197,372,204,377,1
465.png,358,434,375,546,0
466.png,408,369,436,374,0
466.png,228,438,276,445,0
466.png,394,178,405,193,0
467.png,141,407,169,412,0
467.png,209,177,237,182,0
467.png,299,382,310,397,0
468.png,132,494,139,499,1
468.png,445,484,473,489,0
468.png,149,144,177,149,0
469.png,356,148,367,163,0
469.png,364,443,371,448,1
469.png,420,217,468,224,0
470.png,454,184,480,190,0
470.png,227,487,238,502,0
470.png,223,495,230,500,1
471.png,184,427,195,442,0
471.png,442,210,449,215,1
471.png,285,265,296,280,0
472.png,197,475,208,490,0
472.png,422,403,429,408,1
472.png,308,458,336,463,0
473.png,234,471,262,476,0
473.png,461,204,468,209,1
473.png,317,290,334,402,0
474.png,246,120,294,127,0
474.png,155,164,212,174,0
474.png,333,501,340,506,1
475.png,161,295,189,300,0
475.png,332,310,358,316,0
475.png,171,330,197,336,0
476.png,257,350,264,355,1
476.png,461,500,468,505,1
476.png,480,313,508,318,0
477.png,292,309,320,314,0
477.png,135,446,183,453,0
477.png,489,491,546,501,0
478.png,323,122,334,137,0
478.png,271,229,278,234,1
478.png,481,494,507,500,0
479.png,401,419,408,424,1
479.png,249,142,260,157,0
479.png,328,325,335,330,1
480.png,328,319,339,334,0
480.png,430,439,487,449,0
480.png,234,473,262,478,0
481.png,503,379,510,384,1
481.png,488,227,536,234,0
481.png,370,188,377,193,1
482.png,310,351,317,356,1
482.png,493,121,541,128,0
482.png,454,148,482,153,0
483.png,374,368,385,383,0
483.png,485,203,492,208,1
483.png,288,459,295,464,1
484.png,503,434,560,444,0
484.png,397,163,423,169,0
484.png,163,500,170,505,1
485.png,240,360,266,366,0
485.png,439,290,446,295,1
485.png,366,242,373,247,1
486.png,446,242,503,252,0
486.png,501,448,529,453,0
486.png,275,520,292,632,0
487.png,307,403,314,408,1
487.png,358,137,369,152,0
487.png,424,435,431,440,1
488.png,322,278,333,293,0
488.png,307,341,355,348,0
488.png,317,284,328,299,0
489.png,369,135,426,145,0
489.png,360,211,417,221,0
489.png,226,508,233,513,1
490.png,478,505,485,510,1
490.png,287,429,313,435,0
490.png,255,346,281,352,0
491.png,163,287,170,292,1
491.png,210,194,217,199,1
491.png,186,335,203,447,0
492.png,508,261,536,266,0
492.png,247,311,275,316,0
492.png,374,512,402,517,0
493.png,282,252,299,364,0
493.png,371,504,382,519,0
493.png,279,166,290,181,0
494.png,299,241,310,256,0
494.png,213,251,224,266,0
494.png,442,441,499,451,0
495.png,403,271,410,276,1
495.png,463,496,470,501,1
495.png,441,293,452,308,0
496.png,271,156,288,268,0
496.png,445,479,462,591,0
496.png,179,369,196,481,0
497.png,264,326,281,438,0
497.png,334,460,341,465,1
497.png,168,273,179,288,0
498.png,225,482,232,487,1
498.png,500,404,557,414,0
498.png,202,412,230,417,0
499.png,383,512,390,517,1
499.png,400,444,407,449,1
499.png,141,382,148,387,1
500.png,320,437,327,442,1
500.png,198,397,215,509,0
500.png,397,310,404,315,1
501.png,379,402,427,409,0
501.png,313,434,361,441,0
501.png,350,215,398,222,0
502.png,473,136,484,151,0
502.png,414,421,442,426,0
502.png,417,220,428,235,0
503.png,360,212,377,324,0
503.png,160,489,177,601,0
503.png,301,193,318,305,0
504.png,214,506,221,511,1
504.png,343,311,354,326,0
504.png,432,381,439,386,1
505.png,400,483,426,489,0
505.png,180,323,237,333,0
505.png,325,379,353,384,0
506.png,467,372,515,379,0
506.png,416,260,423,265,1
506.png,191,334,248,344,0
507.png,215,472,222,477,1
507.png,151,202,199,209,0
507.png,158,178,184,184,0
508.png,323,297,340,409,0
508.png,342,452,349,457,1
508.png,399,134,425,140,0
509.png,294,235,320,241,0
509.png,395,155,402,160,1
509.png,127,360,175,367,0
510.png,471,328,519,335,0
510.png,497,187,504,192,1
510.png,321,337,349,342,0
511.png,203,272,229,278,0
511.png,421,258,432,273,0
511.png,294,261,342,268,0
512.png,404,477,452,484,0
512.png,259,277,266,282,1
512.png,166,286,173,291,1
513.png,224,394,252,399,0
513.png,506,121,517,136,0
513.png,465,140,482,252,0
514.png,270,387,296,393,0
514.png,336,216,393,226,0
514.png,156,184,182,190,0
515.png,155,193,166,208,0
515.png,344,325,392,332,0
515.png,377,502,384,507,1
516.png,495,255,552,265,0
516.png,496,255,524,260,0
516.png,482,503,493,518,0
517.png,369,428,397,433,0
517.png,377,261,384,266,1
517.png,465,218,472,223,1
518.png,390,204,438,211,0
518.png,497,454,504,459,1
518.png,331,199,359,204,0
519.png,255,201,272,313,0
519.png,442,253,470,258,0
519.png,471,495,488,607,0
520.png,504,453,521,565,0
520.png,402,390,413,405,0
520.png,397,409,445,416,0
521.png,275,471,282,476,1
521.png,192,428,203,443,0
521.png,411,145,418,150,1
522.png,201,174,208,179,1
522.png,356,339,404,346,0
522.png,500,407,526,413,0
523.png,259,427,266,432,1
523.png,302,369,313,384,0
523.png,491,429,498,434,1
524.png,418,451,429,466,0
524.png,192,198,209,310,0
524.png,456,155,467,170,0
525.png,385,440,411,446,0
525.png,171,388,197,394,0
525.png,470,298,477,303,1
526.png,256,454,263,459,1
526.png,456,399,463,404,1
526.png,321,408,328,413,1
527.png,179,213,205,219,0
527.png,324,198,331,203,1
527.png,445,148,471,154,0
528.png,220,212,277,222,0
528.png,441,213,452,228,0
528.png,151,306,208,316,0
529.png,391,340,398,345,1
529.png,252,431,278,437,0
529.png,481,132,529,139,0
530.png,163,349,170,354,1
530.png,249,379,297,386,0
530.png,291,312,317,318,0
531.png,508,505,536,510,0
531.png,450,433,467,545,0
531.png,413,299,420,304,1
532.png,427,454,444,566,0
532.png,301,337,358,347,0
532.png,125,223,151,229,0
533.png,416,376,444,381,0
533.png,271,139,299,144,0
533.png,509,447,537,452,0
534.png,337,354,344,359,1
534.png,497,428,504,433,1
534.png,464,195,490,201,0
535.png,450,376,457,381,1
535.png,118,291,166,298,0
535.png,290,325,297,330,1
536.png,167,155,174,160,1
536.png,329,409,386,419,0
536.png,189,283,217,288,0
537.png,461,148,478,260,0
537.png,401,390,412,405,0
537.png,166,169,173,174,1
538.png,292,150,318,156,0
538.png,489,244,517,249,0
538.png,375,299,392,411,0
539.png,245,482,262,594,0
539.png,396,459,444,466,0
539.png,275,479,301,485,0
540.png,364,296,412,303,0
540.png,337,520,365,525,0
540.png,341,265,358,377,0
541.png,388,210,405,322,0
541.png,290,327,316,333,0
541.png,208,208,236,213,0
542.png,471,393,478,398,1
542.png,286,394,303,506,0
542.png,446,145,472,151,0
543.png,209,201,216,206,1
543.png,157,210,164,215,1
543.png,237,343,263,349,0
544.png,289,327,317,332,0
544.png,408,127,434,133,0
544.png,398,209,409,224,0
545.png,287,180,315,185,0
545.png,119,443,145,449,0
545.png,298,448,324,454,0
546.png,196,185,244,192,0
546.png,393,425,441,432,0
546.png,145,321,193,328,0
547.png,512,132,569,142,0
547.png,421,318,432,333,0
547.png,258,376,265,381,1
548.png,385,443,433,450,0
548.png,218,195,266,202,0
548.png,422,201,433,216,0
549.png,263,288,289,294,0
549.png,444,282,451,287,1
549.png,258,181,286,186,0
550.png,342,246,399,256,0
550.png,375,472,386,487,0
550.png,399,212,447,219,0
551.png,406,122,454,129,0
551.png,499,244,510,259,0
551.png,227,379,253,385,0
552.png,439,360,496,370,0
552.png,223,362,230,367,1
552.png,449,521,456,526,1
553.png,298,293,355,303,0
553.png,216,525,233,637,0
553.png,184,199,241,209,0
554.png,239,157,265,163,0
554.png,285,493,313,498,0
554.png,490,291,547,301,0
555.png,231,149,288,159,0
555.png,413,369,470,379,0
555.png,479,354,536,364,0
556.png,357,137,374,249,0
556.png,207,457,235,462,0
556.png,368,211,396,216,0
557.png,177,268,205,273,0
557.png,407,440,424,552,0
557.png,297,235,304,240,1
558.png,138,443,186,450,0
558.png,214,238,221,243,1
558.png,304,354,311,359,1
559.png,462,229,469,234,1
559.png,512,468,569,478,0
559.png,353,317,410,327,0
560.png,266,264,277,279,0
560.png,225,152,251,158,0
560.png,318,172,325,177,1
561.png,254,262,265,277,0
561.png,504,194,521,306,0
561.png,320,503,368,510,0
562.png,138,395,149,410,0
562.png,376,206,387,221,0
562.png,378,476,426,483,0
563.png,490,275,507,387,0
563.png,375,168,386,183,0
563.png,179,478,227,485,0
564.png,259,161,287,166,0
564.png,209,341,220,356,0
564.png,170,505,227,515,0
565.png,369,205,395,211,0
565.png,487,464,515,469,0
565.png,281,293,309,298,0
566.png,468,361,485,473,0
566.png,170,500,177,505,1
566.png,340,473,347,478,1
567.png,227,136,284,146,0
567.png,112,158,160,165,0
567.png,389,514,417,519,0
568.png,374,463,381,468,1
568.png,382,436,389,441,1
568.png,373,460,390,572,0
569.png,379,455,436,465,0
569.png,182,227,189,232,1
569.png,283,504,311,509,0
570.png,301,242,358,252,0
570.png,384,414,441,424,0
570.png,204,523,221,635,0
571.png,414,437,425,452,0
571.png,390,283,447,293,0
571.png,370,411,396,417,0
572.png,164,386,190,392,0
572.png,233,216,244,231,0
572.png,507,499,514,504,1
573.png,467,208,478,223,0
573.png,202,241,230,246,0
573.png,354,399,361,404,1
574.png,420,201,431,216,0
574.png,307,454,355,461,0
574.png,138,423,186,430,0
575.png,453,447,510,457,0
575.png,397,170,404,175,1
575.png,167,350,215,357,0
576.png,135,486,146,501,0
576.png,415,272,422,277,1
576.png,312,213,329,325,0
577.png,462,296,469,301,1
577.png,442,368,453,383,0
577.png,209,137,226,249,0
578.png,288,127,299,142,0
578.png,464,233,492,238,0
578.png,177,370,225,377,0
579.png,472,284,529,294,0
579.png,263,296,270,301,1
579.png,301,455,327,461,0
580.png,281,397,288,402,1
580.png,506,515,523,627,0
580.png,473,307,480,312,1
581.png,433,444,440,449,1
581.png,488,152,495,157,1
581.png,148,481,155,486,1
582.png,368,459,375,464,1
582.png,484,466,541,476,0
582.png,463,287,491,292,0
583.png,248,205,255,210,1
583.png,387,281,415,286,0
583.png,390,364,397,369,1
584.png,387,190,435,197,0
584.png,362,323,410,330,0
584.png,421,340,447,346,0
585.png,287,438,294,443,1
585.png,364,400,392,405,0
585.png,220,218,227,223,1
586.png,225,187,282,197,0
586.png,514,167,521,172,1
586.png,476,181,487,196,0
587.png,216,505,242,511,0
587.png,386,369,393,374,1
587.png,175,137,232,147,0
588.png,322,472,329,477,1
588.png,302,515,309,520,1
588.png,280,382,287,387,1
589.png,240,287,288,294,0
589.png,163,301,189,307,0
589.png,326,448,352,454,0
590.png,194,237,201,242,1
590.png,410,309,417,314,1
590.png,204,457,211,462,1
591.png,282,308,289,313,1
591.png,261,415,309,422,0
591.png,245,337,273,342,0
592.png,152,253,178,259,0
592.png,479,470,490,485,0
592.png,374,270,422,277,0
593.png,430,353,437,358,1
593.png,149,177,177,182,0
593.png,436,279,484,286,0
594.png,141,312,148,317,1
594.png,422,166,429,171,1
594.png,353,125,364,140,0
595.png,165,327,222,337,0
595.png,465,457,513,464,0
595.png,150,454,207,464,0
596.png,488,365,545,375,0
596.png,206,223,213,228,1
596.png,199,270,227,275,0
597.png,438,442,455,554,0
597.png,465,271,522,281,0
597.png,430,480,441,495,0
598.png,131,264,148,376,0
598.png,509,489,526,601,0
598.png,315,379,343,384,0
599.png,332,274,343,289,0
599.png,493,135,521,140,0
599.png,469,437,495,443,0
600.png,129,205,186,215,0
600.png,195,177,223,182,0
600.png,405,497,433,502,0
601.png,129,140,136,145,1
601.png,428,326,439,341,0
601.png,350,193,398,200,0
602.png,422,261,439,373,0
602.png,223,474,271,481,0
602.png,316,502,323,507,1
603.png,460,325,467,330,1
603.png,357,436,364,441,1
603.png,363,388,391,393,0
604.png,334,156,360,162,0
604.png,177,129,234,139,0
604.png,225,269,251,275,0
605.png,160,376,167,381,1
605.png,423,473,430,478,1
605.png,209,195,226,307,0
606.png,234,174,282,181,0
606.png,349,198,366,310,0
606.png,344,340,372,345,0
607.png,448,441,476,446,0
607.png,359,359,407,366,0
607.png,393,184,441,191,0
608.png,226,299,254,304,0
608.png,319,475,326,480,1
608.png,211,282,228,394,0
609.png,405,137,433,142,0
609.png,504,324,515,339,0
609.png,296,242,313,354,0
610.png,499,334,527,339,0
610.png,225,314,232,319,1
610.png,432,192,489,202,0
611.png,267,412,274,417,1
611.png,328,521,335,526,1
611.png,495,151,512,263,0
612.png,509,129,566,139,0
612.png,155,129,181,135,0
612.png,465,287,513,294,0
613.png,426,327,452,333,0
613.png,143,458,200,468,0
613.png,133,495,140,500,1
614.png,499,395,547,402,0
614.png,237,229,244,234,1
614.png,276,434,302,440,0
615.png,444,125,455,140,0
615.png,184,300,191,305,1
615.png,343,281,400,291,0
616.png,301,405,329,410,0
616.png,355,221,383,226,0
616.png,464,258,492,263,0
617.png,312,413,340,418,0
617.png,459,315,476,427,0
617.png,217,200,234,312,0
618.png,377,482,403,488,0
618.png,166,450,194,455,0
618.png,266,171,283,283,0
619.png,274,320,291,432,0
619.png,481,369,529,376,0
619.png,336,343,384,350,0
620.png,135,298,142,303,1
620.png,396,299,403,304,1
620.png,327,173,355,178,0
621.png,462,382,469,387,1
621.png,140,268,197,278,0
621.png,217,442,234,554,0
622.png,505,281,522,393,0
622.png,329,462,336,467,1
622.png,134,164,145,179,0
623.png,254,310,302,317,0
623.png,441,429,448,434,1
623.png,435,327,446,342,0
624.png,191,520,219,525,0
624.png,295,281,321,287,0
624.png,348,247,355,252,1
625.png,391,203,398,208,1
625.png,164,435,192,440,0
625.png,424,476,452,481,0
626.png,190,368,238,375,0
626.png,159,376,207,383,0
626.png,378,212,385,217,1
627.png,207,414,235,419,0
627.png,454,338,461,343,1
627.png,157,507,214,517,0
628.png,346,311,353,316,1
628.png,295,296,302,301,1
628.png,509,189,516,194,1
629.png,450,457,478,462,0
629.png,308,373,365,383,0
629.png,356,134,363,139,1
630.png,489,124,546,134,0
630.png,444,381,470,387,0
630.png,349,511,375,517,0
631.png,150,504,198,511,0
631.png,503,472,510,477,1
631.png,414,424,462,431,0
632.png,338,190,349,205,0
632.png,466,185,492,191,0
632.png,304,402,321,514,0
633.png,217,312,243,318,0
633.png,464,266,481,378,0
633.png,224,340,281,350,0
634.png,374,399,422,406,0
634.png,151,419,177,425,0
634.png,422,517,429,522,1
635.png,357,361,405,368,0
635.png,255,466,283,471,0
635.png,217,509,243,515,0
636.png,436,510,462,516,0
636.png,179,123,227,130,0
636.png,402,477,409,482,1
637.png,233,429,244,444,0
637.png,456,423,504,430,0
637.png,130,473,137,478,1
638.png,398,154,455,164,0
638.png,184,231,201,343,0
638.png,450,392,457,397,1
639.png,276,510,283,515,1
639.png,494,409,542,416,0
639.png,345,325,402,335,0
640.png,195,192,206,207,0
640.png,130,232,141,247,0
640.png,357,493,364,498,1
641.png,450,368,457,373,1
641.png,207,270,218,285,0
641.png,238,399,245,404,1
642.png,177,183,205,188,0
642.png,242,499,249,504,1
642.png,316,429,333,541,0
643.png,444,152,472,157,0
643.png,128,396,145,508,0
643.png,243,291,250,296,1
644.png,249,228,266,340,0
644.png,466,236,477,251,0
644.png,169,291,186,403,0
645.png,169,390,226,400,0
645.png,352,298,359,303,1
645.png,492,353,520,358,0
646.png,428,217,435,222,1
646.png,452,449,469,561,0
646.png,424,233,452,238,0
647.png,424,388,452,393,0
647.png,147,188,173,194,0
647.png,402,513,430,518,0
648.png,284,274,310,280,0
648.png,360,501,377,613,0
648.png,437,504,465,509,0
649.png,353,450,370,562,0
649.png,444,331,461,443,0
649.png,284,485,332,492,0
650.png,257,245,283,251,0
650.png,158,136,165,141,1
650.png,390,514,418,519,0
651.png,390,453,401,468,0
651.png,393,157,404,172,0
651.png,469,253,476,258,1
652.png,262,155,290,160,0
652.png,514,184,521,189,1
652.png,273,143,321,150,0
653.png,193,390,221,395,0
653.png,209,278,226,390,0
653.png,266,507,314,514,0
654.png,374,141,422,148,0
654.png,412,481,429,593,0
654.png,430,430,447,542,0
655.png,145,413,152,418,1
655.png,202,216,209,221,1
655.png,220,198,227,203,1
656.png,208,257,265,267,0
656.png,128,419,145,531,0
656.png,296,365,344,372,0
657.png,371,303,378,308,1
657.png,399,239,447,246,0
657.png,499,439,547,446,0
658.png,341,179,348,184,1
658.png,243,333,269,339,0
658.png,201,425,212,440,0
659.png,220,160,248,165,0
659.png,242,322,290,329,0
659.png,161,277,168,282,1
660.png,300,179,317,291,0
660.png,221,284,278,294,0
660.png,304,329,332,334,0
661.png,307,407,333,413,0
661.png,484,166,512,171,0
661.png,198,177,215,289,0
662.png,439,164,487,171,0
662.png,174,244,200,250,0
662.png,312,217,319,222,1
663.png,292,482,299,487,1
663.png,270,283,277,288,1
663.png,365,153,372,158,1
664.png,472,178,529,188,0
664.png,435,133,461,139,0
664.png,519,379,547,384,0
665.png,424,525,441,637,0
665.png,324,318,335,333,0
665.png,309,370,316,375,1
666.png,269,146,317,153,0
666.png,374,231,431,241,0
666.png,365,123,376,138,0
667.png,386,477,414,482,0
667.png,470,336,498,341,0
667.png,496,147,507,162,0
668.png,299,470,325,476,0
668.png,370,398,377,403,1
668.png,401,354,458,364,0
669.png,285,353,333,360,0
669.png,474,204,491,316,0
669.png,164,329,175,344,0
670.png,394,203,411,315,0
670.png,323,222,380,232,0
670.png,441,168,467,174,0
671.png,214,291,231,403,0
671.png,179,273,186,278,1
671.png,197,516,225,521,0
672.png,402,488,428,494,0
672.png,243,179,250,184,1
672.png,346,188,374,193,0
673.png,412,131,438,137,0
673.png,136,192,143,197,1
673.png,275,182,292,294,0
674.png,211,399,259,406,0
674.png,182,454,210,459,0
674.png,504,496,532,501,0
675.png,465,266,491,272,0
675.png,124,259,181,269,0
675.png,137,346,185,353,0
676.png,369,329,397,334,0
676.png,144,393,170,399,0
676.png,256,164,282,170,0
677.png,472,358,479,363,1
677.png,306,359,332,365,0
677.png,409,302,435,308,0
678.png,256,423,267,438,0
678.png,495,161,523,166,0
678.png,233,402,281,409,0
679.png,181,333,229,340,0
679.png,294,458,305,473,0
679.png,447,256,458,271,0
680.png,163,125,174,140,0
680.png,231,414,279,421,0
680.png,392,497,399,502,1
681.png,349,215,397,222,0
681.png,396,377,413,489,0
681.png,261,370,309,377,0
682.png,139,467,167,472,0
682.png,311,417,337,423,0
682.png,378,476,406,481,0
683.png,320,296,368,303,0
683.png,185,290,233,297,0
683.png,201,224,229,229,0
684.png,493,406,521,411,0
684.png,274,460,281,465,1
684.png,176,389,233,399,0
685.png,457,496,474,608,0
685.png,279,317,307,322,0
685.png,257,233,283,239,0
686.png,228,147,276,154,0
686.png,477,206,494,318,0
686.png,149,424,156,429,1
687.png,166,197,214,204,0
687.png,153,459,201,466,0
687.png,457,192,505,199,0
688.png,456,430,473,542,0
688.png,284,171,341,181,0
688.png,192,437,240,444,0
689.png,202,355,228,361,0
689.png,468,503,494,509,0
689.png,151,241,199,248,0
690.png,248,319,276,324,0
690.png,448,319,474,325,0
690.png,247,442,254,447,1
691.png,354,434,361,439,1
691.png,139,201,156,313,0
691.png,222,137,279,147,0
692.png,416,413,423,418,1
692.png,444,325,492,332,0
692.png,355,248,362,253,1
693.png,237,195,244,200,1
693.png,442,380,468,386,0
693.png,395,466,421,472,0
694.png,274,324,300,330,0
694.png,131,403,148,515,0
694.png,192,289,220,294,0
695.png,162,394,173,409,0
695.png,134,222,160,228,0
695.png,172,298,179,303,1
696.png,163,166,180,278,0
696.png,287,440,344,450,0
696.png,384,274,441,284,0
697.png,395,385,452,395,0
697.png,388,152,416,157,0
697.png,281,232,309,237,0
698.png,283,447,290,452,1
698.png,359,306,366,311,1
698.png,236,320,264,325,0
699.png,328,476,376,483,0
699.png,415,419,472,429,0
699.png,343,449,371,454,0
700.png,218,213,225,218,1
700.png,286,261,314,266,0
700.png,120,214,146,220,0
701.png,188,382,216,387,0
701.png,471,210,499,215,0
701.png,455,444,462,449,1
702.png,284,178,310,184,0
702.png,221,300,228,305,1
702.png,199,322,225,328,0
703.png,499,180,510,195,0
703.png,511,166,528,278,0
703.png,262,347,279,459,0
704.png,424,368,441,480,0
704.png,388,397,399,412,0
704.png,316,433,323,438,1
705.png,279,175,327,182,0
705.png,358,265,365,270,1
705.png,255,287,266,302,0
706.png,361,327,418,337,0
706.png,450,146,476,152,0
706.png,335,215,342,220,1
707.png,378,337,385,342,1
707.png,183,399,194,414,0
707.png,148,335,155,340,1
708.png,405,422,462,432,0
708.png,425,466,482,476,0
708.png,222,434,270,441,0
709.png,463,495,470,500,1
709.png,254,330,265,345,0
709.png,200,136,217,248,0
710.png,327,142,338,157,0
710.png,490,154,518,159,0
710.png,424,501,431,506,1
711.png,414,404,440,410,0
711.png,204,154,221,266,0
711.png,358,497,386,502,0
712.png,241,266,267,272,0
712.png,472,341,500,346,0
712.png,340,334,368,339,0
713.png,389,238,396,243,1
713.png,372,381,398,387,0
713.png,380,242,391,257,0
714.png,471,315,519,322,0
714.png,134,387,141,392,1
714.png,450,194,507,204,0
715.png,132,283,143,298,0
715.png,290,188,301,203,0
715.png,368,331,416,338,0
716.png,370,205,387,317,0
716.png,353,249,370,361,0
716.png,330,202,358,207,0
717.png,318,372,346,377,0
717.png,273,140,301,145,0
717.png,208,359,265,369,0
718.png,513,188,520,193,1
718.png,208,197,219,212,0
718.png,149,455,206,465,0
719.png,310,391,317,396,1
719.png,133,387,190,397,0
719.png,482,157,530,164,0
720.png,422,480,439,592,0
720.png,173,273,180,278,1
720.png,356,518,363,523,1
721.png,490,134,497,139,1
721.png,480,460,497,572,0
721.png,231,183,248,295,0
722.png,277,490,284,495,1
722.png,134,458,191,468,0
722.png,268,471,285,583,0
723.png,416,418,433,530,0
723.png,332,385,343,400,0
723.png,215,216,226,231,0
724.png,473,345,484,360,0
724.png,177,152,234,162,0
724.png,346,169,353,174,1
725.png,167,254,215,261,0
725.png,160,300,177,412,0
725.png,405,292,416,307,0
726.png,289,348,296,353,1
726.png,414,363,462,370,0
726.png,464,294,512,301,0
727.png,414,353,462,360,0
727.png,503,399,560,409,0
727.png,145,498,152,503,1
728.png,314,276,342,281,0
728.png,137,284,148,299,0
728.png,210,295,238,300,0
729.png,233,351,244,366,0
729.png,399,276,406,281,1
729.png,288,377,345,387,0
730.png,329,402,357,407,0
730.png,342,422,349,427,1
730.png,384,504,410,510,0
731.png,469,219,517,226,0
731.png,219,173,276,183,0
731.png,276,353,287,368,0
732.png,114,447,162,454,0
732.png,462,197,490,202,0
732.png,494,145,520,151,0
733.png,463,510,489,516,0
733.png,402,321,409,326,1
733.png,267,441,284,553,0
734.png,278,365,295,477,0
734.png,209,319,257,326,0
734.png,197,384,204,389,1
735.png,329,436,336,441,1
735.png,434,160,462,165,0
735.png,481,496,492,511,0
736.png,241,435,252,450,0
736.png,401,276,412,291,0
736.png,156,404,173,516,0
737.png,387,215,444,225,0
737.png,354,424,365,439,0
737.png,399,210,427,215,0
738.png,372,391,429,401,0
738.png,489,460,515,466,0
738.png,474,153,485,168,0
739.png,399,156,425,162,0
739.png,158,166,165,171,1
739.png,173,327,180,332,1
740.png,157,314,168,329,0
740.png,513,154,520,159,1
740.png,204,329,211,334,1
741.png,161,337,189,342,0
741.png,362,504,419,514,0
741.png,217,241,265,248,0
742.png,453,206,460,211,1
742.png,311,273,328,385,0
742.png,307,230,335,235,0
743.png,157,316,205,323,0
743.png,152,249,169,361,0
743.png,216,325,244,330,0
744.png,339,435,350,450,0
744.png,424,331,450,337,0
744.png,232,195,239,200,1
745.png,182,412,239,422,0
745.png,441,210,489,217,0
745.png,159,286,185,292,0
746.png,214,339,240,345,0
746.png,166,375,214,382,0
746.png,302,284,309,289,1
747.png,458,176,515,186,0
747.png,255,206,262,211,1
747.png,512,148,529,260,0
748.png,287,396,304,508,0
748.png,213,438,261,445,0
748.png,192,146,240,153,0
749.png,341,201,358,313,0
749.png,448,456,465,568,0
749.png,325,381,332,386,1
750.png,501,252,527,258,0
750.png,264,325,271,330,1
750.png,344,131,370,137,0
751.png,204,512,211,517,1
751.png,484,513,491,518,1
751.png,389,394,415,400,0
752.png,516,501,544,506,0
752.png,144,273,161,385,0
752.png,352,524,369,636,0
753.png,310,455,358,462,0
753.png,384,189,441,199,0
753.png,130,440,137,445,1
754.png,478,309,495,421,0
754.png,202,319,209,324,1
754.png,263,277,289,283,0
755.png,383,196,390,201,1
755.png,185,454,211,460,0
755.png,179,451,205,457,0
756.png,352,318,359,323,1
756.png,189,430,215,436,0
756.png,361,401,378,513,0
757.png,480,158,508,163,0
757.png,196,327,207,342,0
757.png,215,155,222,160,1
758.png,355,215,362,220,1
758.png,300,273,348,280,0
758.png,417,190,465,197,0
759.png,243,276,254,291,0
759.png,436,402,443,407,1
759.png,308,130,319,145,0
760.png,513,399,520,404,1
760.png,364,466,371,471,1
760.png,217,506,245,511,0
761.png,464,467,475,482,0
761.png,422,156,429,161,1
761.png,329,188,386,198,0
762.png,366,192,392,198,0
762.png,120,362,168,369,0
762.png,465,463,522,473,0
763.png,208,514,225,626,0
763.png,343,275,360,387,0
763.png,454,220,465,235,0
764.png,432,217,480,224,0
764.png,159,137,187,142,0
764.png,478,424,485,429,1
765.png,222,393,239,505,0
765.png,461,293,478,405,0
765.png,457,175,483,181,0
766.png,323,487,349,493,0
766.png,315,356,326,371,0
766.png,225,457,273,464,0
767.png,143,141,200,151,0
767.png,143,247,150,252,1
767.png,398,140,426,145,0
768.png,344,205,355,220,0
768.png,162,140,169,145,1
768.png,343,180,371,185,0
769.png,495,300,521,306,0
769.png,356,510,382,516,0
769.png,360,515,367,520,1
770.png,322,368,333,383,0
770.png,324,171,335,186,0
770.png,240,180,251,195,0
771.png,150,179,161,194,0
771.png,486,316,512,322,0
771.png,231,249,238,254,1
772.png,244,410,251,415,1
772.png,229,404,236,409,1
772.png,201,132,249,139,0
773.png,158,157,206,164,0
773.png,196,267,224,272,0
773.png,488,372,495,377,1
774.png,204,150,211,155,1
774.png,285,341,292,346,1
774.png,366,239,392,245,0
775.png,377,461,384,466,1
775.png,508,386,515,391,1
775.png,362,368,419,378,0
776.png,257,487,274,599,0
776.png,270,264,318,271,0
776.png,322,302,379,312,0
777.png,289,173,315,179,0
777.png,165,420,193,425,0
777.png,403,402,420,514,0
778.png,313,371,320,376,1
778.png,361,303,368,308,1
778.png,408,206,436,211,0
779.png,227,507,234,512,1
779.png,381,467,409,472,0
779.png,469,126,526,136,0
780.png,284,285,291,290,1
780.png,247,223,264,335,0
780.png,327,153,334,158,1
781.png,456,156,463,161,1
781.png,183,293,190,298,1
781.png,495,170,506,185,0
782.png,295,461,352,471,0
782.png,405,293,422,405,0
782.png,345,134,352,139,1
783.png,217,238,243,244,0
783.png,171,326,178,331,1
783.png,343,501,371,506,0
784.png,163,257,170,262,1
784.png,331,262,338,267,1
784.png,426,182,454,187,0
785.png,201,256,212,271,0
785.png,447,170,475,175,0
785.png,332,485,380,492,0
786.png,433,326,440,331,1
786.png,163,145,180,257,0
786.png,215,202,222,207,1
787.png,301,163,318,275,0
787.png,450,388,507,398,0
787.png,220,235,227,240,1
788.png,334,280,341,285,1
788.png,374,166,422,173,0
788.png,428,280,435,285,1
789.png,363,369,370,374,1
789.png,476,450,493,562,0
789.png,429,308,486,318,0
790.png,311,275,318,280,1
790.png,467,423,495,428,0
790.png,424,196,441,308,0
791.png,350,345,398,352,0
791.png,468,500,496,505,0
791.png,413,248,420,253,1
792.png,186,521,193,526,1
792.png,124,413,181,423,0
792.png,263,220,270,225,1
793.png,226,150,254,155,0
793.png,467,417,493,423,0
793.png,210,351,227,463,0
794.png,460,329,488,334,0
794.png,245,435,302,445,0
794.png,224,458,281,468,0
795.png,378,274,404,280,0
795.png,159,151,187,156,0
795.png,291,191,298,196,1
796.png,313,127,370,137,0
796.png,267,261,284,373,0
796.png,314,190,371,200,0
797.png,274,362,322,369,0
797.png,302,234,309,239,1
797.png,246,411,303,421,0
798.png,291,501,319,506,0
798.png,449,232,497,239,0
798.png,204,276,211,281,1
799.png,183,468,231,475,0
799.png,181,388,188,393,1
799.png,312,502,360,509,0
800.png,285,411,311,417,0
800.png,224,331,281,341,0
800.png,395,469,421,475,0
801.png,339,369,396,379,0
801.png,258,376,269,391,0
801.png,162,419,210,426,0
802.png,236,270,243,275,1
802.png,147,249,154,254,1
802.png,128,387,176,394,0
803.png,491,407,519,412,0
803.png,501,186,558,196,0
803.png,142,319,170,324,0
804.png,479,249,490,264,0
804.png,352,178,369,290,0
804.png,317,149,365,156,0
805.png,133,450,161,455,0
805.png,388,332,416,337,0
805.png,354,173,382,178,0
806.png,246,425,257,440,0
806.png,363,180,374,195,0
806.png,401,382,449,389,0
807.png,234,217,262,222,0
807.png,446,396,472,402,0
807.png,324,490,381,500,0
808.png,466,393,494,398,0
808.png,456,318,463,323,1
808.png,494,196,551,206,0
809.png,200,269,217,381,0
809.png,212,452,219,457,1
809.png,474,264,491,376,0
810.png,328,255,335,260,1
810.png,324,442,350,448,0
810.png,142,275,149,280,1
811.png,497,324,523,330,0
811.png,224,383,241,495,0
811.png,487,335,515,340,0
812.png,412,308,440,313,0
812.png,305,296,353,303,0
812.png,458,420,484,426,0
813.png,366,289,423,299,0
813.png,126,247,137,262,0
813.png,400,435,407,440,1
814.png,402,406,450,413,0
814.png,199,368,206,373,1
814.png,369,349,376,354,1
815.png,430,154,478,161,0
815.png,478,245,526,252,0
815.png,267,264,295,269,0
816.png,468,450,475,455,1
816.png,291,148,302,163,0
816.png,439,340,446,345,1
817.png,504,469,532,474,0
817.png,333,175,390,185,0
817.png,406,414,454,421,0
818.png,147,155,175,160,0
818.png,281,278,298,390,0
818.png,219,233,230,248,0
819.png,225,240,273,247,0
819.png,285,157,311,163,0
819.png,258,151,265,156,1
820.png,220,164,231,179,0
820.png,372,347,379,352,1
820.png,336,200,343,205,1
821.png,445,190,473,195,0
821.png,333,495,361,500,0
821.png,421,431,469,438,0
822.png,388,275,445,285,0
822.png,502,431,509,436,1
822.png,391,161,398,166,1
823.png,302,425,328,431,0
823.png,152,409,200,416,0
823.png,214,267,231,379,0
824.png,266,146,292,152,0
824.png,178,188,235,198,0
824.png,216,328,244,333,0
825.png,169,392,180,407,0
825.png,343,191,400,201,0
825.png,176,382,202,388,0
826.png,183,332,240,342,0
826.png,195,236,212,348,0
826.png,199,227,216,339,0
827.png,151,261,179,266,0
827.png,182,207,210,212,0
827.png,250,224,307,234,0
828.png,128,414,154,420,0
828.png,194,228,242,235,0
828.png,463,326,470,331,1
829.png,190,301,216,307,0
829.png,113,430,161,437,0
829.png,281,480,307,486,0
830.png,188,400,195,405,1
830.png,450,434,457,439,1
830.png,355,192,366,207,0
831.png,457,300,485,305,0
831.png,301,412,349,419,0
831.png,126,151,183,161,0
832.png,225,201,232,206,1
832.png,262,391,269,396,1
832.png,204,412,221,524,0
833.png,512,243,540,248,0
833.png,279,380,327,387,0
833.png,459,223,476,335,0
834.png,510,323,517,328,1
834.png,220,160,227,165,1
834.png,148,419,155,424,1
835.png,203,239,210,244,1
835.png,336,427,384,434,0
835.png,385,289,413,294,0
836.png,135,201,146,216,0
836.png,350,125,361,140,0
836.png,333,304,344,319,0
837.png,280,249,297,361,0
837.png,428,429,456,434,0
837.png,443,211,500,221,0
838.png,202,351,219,463,0
838.png,188,394,214,400,0
838.png,186,299,193,304,1
839.png,393,152,400,157,1
839.png,272,342,300,347,0
839.png,365,252,413,259,0
840.png,269,319,317,326,0
840.png,280,269,287,274,1
840.png,381,221,407,227,0
841.png,193,410,241,417,0
841.png,353,367,360,372,1
841.png,170,123,196,129,0
842.png,309,220,320,235,0
842.png,202,379,219,491,0
842.png,501,303,512,318,0
843.png,301,180,308,185,1
843.png,339,471,387,478,0
843.png,256,272,263,277,1
844.png,358,271,415,281,0
844.png,425,310,432,315,1
844.png,433,522,440,527,1
845.png,192,158,199,163,1
845.png,501,267,508,272,1
845.png,313,163,339,169,0
846.png,323,302,351,307,0
846.png,314,136,371,146,0
846.png,266,423,273,428,1
847.png,255,462,262,467,1
847.png,271,298,282,313,0
847.png,377,444,388,459,0
848.png,365,410,372,415,1
848.png,421,521,428,526,1
848.png,412,258,438,264,0
849.png,414,479,440,485,0
849.png,149,500,206,510,0
849.png,481,432,507,438,0
850.png,471,397,499,402,0
850.png,369,166,395,172,0
850.png,237,154,294,164,0
851.png,465,278,482,390,0
851.png,281,238,292,253,0
851.png,460,157,486,163,0
852.png,140,403,188,410,0
852.png,138,312,145,317,1
852.png,506,269,517,284,0
853.png,304,265,311,270,1
853.png,440,404,466,410,0
853.png,475,217,523,224,0
854.png,403,170,451,177,0
854.png,253,238,264,253,0
854.png,223,468,271,475,0
855.png,332,488,339,493,1
855.png,388,343,395,348,1
855.png,294,459,305,474,0
856.png,424,207,431,212,1
856.png,202,271,250,278,0
856.png,426,456,474,463,0
857.png,404,266,461,276,0
857.png,207,414,233,420,0
857.png,434,146,441,151,1
858.png,503,262,531,267,0
858.png,365,155,393,160,0
858.png,516,479,523,484,1
859.png,229,419,246,531,0
859.png,415,421,472,431,0
859.png,377,345,405,350,0
860.png,297,440,304,445,1
860.png,204,304,221,416,0
860.png,416,279,473,289,0
861.png,190,310,197,315,1
861.png,511,439,568,449,0
861.png,321,317,328,322,1
862.png,180,248,237,258,0
862.png,325,138,353,143,0
862.png,248,392,276,397,0
863.png,316,411,364,418,0
863.png,419,470,426,475,1
863.png,296,327,313,439,0
864.png,275,170,286,185,0
864.png,175,479,232,489,0
864.png,449,482,466,594,0
865.png,515,297,522,302,1
865.png,228,326,245,438,0
865.png,490,337,507,449,0
866.png,218,401,246,406,0
866.png,412,372,438,378,0
866.png,137,315,185,322,0
867.png,372,355,400,360,0
867.png,343,232,371,237,0
867.png,492,433,518,439,0
868.png,292,169,349,179,0
868.png,493,246,500,251,1
868.png,492,376,518,382,0
869.png,372,333,389,445,0
869.png,473,504,530,514,0
869.png,259,412,285,418,0
870.png,343,251,369,257,0
870.png,300,447,307,452,1
870.png,330,287,337,292,1
871.png,408,220,415,225,1
871.png,497,490,545,497,0
871.png,503,219,520,331,0
872.png,260,148,308,155,0
872.png,240,403,268,408,0
872.png,342,393,370,398,0
873.png,316,122,364,129,0
873.png,182,313,239,323,0
873.png,140,202,168,207,0
874.png,449,211,466,323,0
874.png,494,421,511,533,0
874.png,431,172,479,179,0
875.png,441,122,452,137,0
875.png,183,426,231,433,0
875.png,496,351,503,356,1
876.png,147,280,204,290,0
876.png,157,205,164,210,1
876.png,205,240,222,352,0
877.png,396,261,403,266,1
877.png,182,274,208,280,0
877.png,504,355,561,365,0
878.png,356,142,413,152,0
878.png,357,477,368,492,0
878.png,156,338,173,450,0
879.png,265,397,272,402,1
879.png,266,245,273,250,1
879.png,396,453,403,458,1
880.png,134,162,191,172,0
880.png,197,447,254,457,0
880.png,243,210,271,215,0
881.png,192,414,209,526,0
881.png,152,466,159,471,1
881.png,382,494,439,504,0
882.png,501,313,508,318,1
882.png,168,492,179,507,0
882.png,430,203,478,210,0
883.png,447,281,504,291,0
883.png,413,377,461,384,0
883.png,510,294,538,299,0
884.png,320,495,327,500,1
884.png,437,346,448,361,0
884.png,397,467,414,579,0
885.png,501,160,558,170,0
885.png,344,135,392,142,0
885.png,420,407,477,417,0
886.png,414,362,421,367,1
886.png,156,442,204,449,0
886.png,357,515,385,520,0
887.png,286,239,297,254,0
887.png,272,286,289,398,0
887.png,169,442,195,448,0
888.png,378,162,385,167,1
888.png,214,442,225,457,0
888.png,183,405,211,410,0
889.png,390,468,397,473,1
889.png,318,211,375,221,0
889.png,326,433,343,545,0
890.png,258,394,284,400,0
890.png,396,392,403,397,1
890.png,131,135,142,150,0
891.png,490,425,538,432,0
891.png,306,356,317,371,0
891.png,309,474,357,481,0
892.png,133,199,144,214,0
892.png,219,422,267,429,0
892.png,289,131,337,138,0
893.png,346,417,357,432,0
893.png,346,231,372,237,0
893.png,382,318,389,323,1
894.png,459,433,470,448,0
894.png,296,331,353,341,0
894.png,451,416,477,422,0
895.png,428,481,445,593,0
895.png,224,513,231,518,1
895.png,191,196,202,211,0
896.png,261,228,309,235,0
896.png,470,324,481,339,0
896.png,388,521,395,526,1
897.png,258,275,265,280,1
897.png,447,198,454,203,1
897.png,149,315,177,320,0
898.png,154,323,180,329,0
898.png,341,175,348,180,1
898.png,428,478,476,485,0
899.png,347,340,358,355,0
899.png,208,254,234,260,0
899.png,317,503,345,508,0
900.png,146,211,163,323,0
900.png,260,203,267,208,1
900.png,362,266,410,273,0
901.png,387,197,394,202,1
901.png,149,476,177,481,0
901.png,382,480,410,485,0
902.png,359,323,370,338,0
902.png,334,125,382,132,0
902.png,424,269,431,274,1
903.png,299,140,347,147,0
903.png,294,341,305,356,0
903.png,260,161,267,166,1
904.png,388,264,395,269,1
904.png,317,173,328,188,0
904.png,376,168,387,183,0
905.png,217,202,224,207,1
905.png,147,402,173,408,0
905.png,223,137,230,142,1
906.png,139,441,196,451,0
906.png,263,448,270,453,1
906.png,482,198,508,204,0
907.png,337,179,394,189,0
907.png,498,121,555,131,0
907.png,263,136,270,141,1
908.png,173,496,221,503,0
908.png,375,267,392,379,0
908.png,300,353,307,358,1
909.png,414,323,440,329,0
909.png,296,138,303,143,1
909.png,443,427,500,437,0
910.png,321,489,328,494,1
910.png,147,482,164,594,0
910.png,361,219,418,229,0
911.png,154,120,202,127,0
911.png,347,413,354,418,1
911.png,267,448,274,453,1
912.png,357,235,364,240,1
912.png,370,385,418,392,0
912.png,144,331,155,346,0
913.png,404,282,415,297,0
913.png,265,347,293,352,0
913.png,449,121,506,131,0
914.png,314,434,362,441,0
914.png,314,398,331,510,0
914.png,186,194,203,306,0
915.png,499,431,547,438,0
915.png,268,436,275,441,1
915.png,369,381,380,396,0
916.png,268,199,275,204,1
916.png,199,390,225,396,0
916.png,246,368,263,480,0
917.png,429,303,436,308,1
917.png,517,398,524,403,1
917.png,274,384,285,399,0
918.png,155,357,172,469,0
918.png,354,451,361,456,1
918.png,241,350,267,356,0
919.png,326,288,383,298,0
919.png,133,438,161,443,0
919.png,193,132,241,139,0
920.png,165,425,213,432,0
920.png,387,438,444,448,0
920.png,218,258,235,370,0
921.png,134,262,162,267,0
921.png,417,162,428,177,0
921.png,505,210,522,322,0
922.png,492,265,499,270,1
922.png,156,140,163,145,1
922.png,264,199,275,214,0
923.png,189,176,206,288,0
923.png,177,160,188,175,0
923.png,459,414,476,526,0
924.png,143,508,150,513,1
924.png,383,128,409,134,0
924.png,133,508,144,523,0
925.png,236,316,243,321,1
925.png,391,422,408,534,0
925.png,322,201,329,206,1
926.png,285,317,313,322,0
926.png,157,523,164,528,1
926.png,431,474,448,586,0
927.png,501,211,508,216,1
927.png,235,452,261,458,0
927.png,370,474,387,586,0
928.png,515,289,522,294,1
928.png,452,287,478,293,0
928.png,177,441,205,446,0
929.png,414,234,421,239,1
929.png,352,521,369,633,0
929.png,341,381,358,493,0
930.png,422,276,439,388,0
930.png,489,306,500,321,0
930.png,330,327,337,332,1
931.png,480,488,497,600,0
931.png,450,198,478,203,0
931.png,411,371,437,377,0
932.png,475,208,501,214,0
932.png,420,415,427,420,1
932.png,385,361,413,366,0
933.png,152,411,159,416,1
933.png,318,254,375,264,0
933.png,351,432,408,442,0
934.png,411,472,418,477,1
934.png,235,242,283,249,0
934.png,397,207,454,217,0
935.png,258,233,269,248,0
935.png,468,174,475,179,1
935.png,181,429,188,434,1
936.png,375,522,403,527,0
936.png,505,300,533,305,0
936.png,209,429,216,434,1
937.png,392,230,399,235,1
937.png,366,267,392,273,0
937.png,441,181,469,186,0
938.png,292,157,318,163,0
938.png,194,417,251,427,0
938.png,388,160,445,170,0
939.png,128,392,154,398,0
939.png,263,491,289,497,0
939.png,488,374,499,389,0
940.png,165,169,172,174,1
940.png,322,387,348,393,0
940.png,258,412,306,419,0
941.png,115,284,163,291,0
941.png,208,465,236,470,0
941.png,482,418,493,433,0
942.png,178,359,185,364,1
942.png,174,177,222,184,0
942.png,236,206,284,213,0
943.png,248,191,255,196,1
943.png,502,509,530,514,0
943.png,283,302,294,317,0
944.png,208,247,236,252,0
944.png,253,456,260,461,1
944.png,165,333,193,338,0
945.png,291,461,308,573,0
945.png,444,357,455,372,0
945.png,239,283,246,288,1
946.png,413,257,420,262,1
946.png,403,471,429,477,0
946.png,194,132,242,139,0
947.png,252,291,278,297,0
947.png,119,273,145,279,0
947.png,362,223,369,228,1
948.png,287,281,335,288,0
948.png,273,397,280,402,1
948.png,429,339,446,451,0
949.png,453,395,464,410,0
949.png,463,244,470,249,1
949.png,179,351,196,463,0
950.png,482,273,489,278,1
950.png,261,459,289,464,0
950.png,468,195,525,205,0
951.png,157,364,174,476,0
951.png,246,233,263,345,0
951.png,147,140,164,252,0
952.png,328,498,335,503,1
952.png,206,437,232,443,0
952.png,224,328,252,333,0
953.png,518,210,525,215,1
953.png,248,430,259,445,0
953.png,236,284,243,289,1
954.png,399,165,447,172,0
954.png,415,367,443,372,0
954.png,322,301,329,306,1
955.png,397,228,454,238,0
955.png,155,375,203,382,0
955.png,201,163,208,168,1
956.png,257,222,285,227,0
956.png,357,494,374,606,0
956.png,366,430,373,435,1
957.png,354,242,365,257,0
957.png,311,483,337,489,0
957.png,190,483,197,488,1
958.png,290,198,307,310,0
958.png,320,279,377,289,0
958.png,266,199,314,206,0
959.png,299,452,306,457,1
959.png,351,317,362,332,0
959.png,243,454,269,460,0
960.png,407,195,433,201,0
960.png,212,350,260,357,0
960.png,169,187,186,299,0
961.png,273,206,290,318,0
961.png,300,319,311,334,0
961.png,432,476,458,482,0
962.png,267,157,315,164,0
962.png,279,479,290,494,0
962.png,143,233,171,238,0
963.png,124,159,150,165,0
963.png,383,191,390,196,1
963.png,133,151,144,166,0
964.png,361,136,389,141,0
964.png,400,139,411,154,0
964.png,277,216,334,226,0
965.png,416,330,444,335,0
965.png,441,415,467,421,0
965.png,256,320,304,327,0
966.png,360,380,377,492,0
966.png,422,185,448,191,0
966.png,129,444,136,449,1
967.png,154,511,161,516,1
967.png,352,222,359,227,1
967.png,468,453,516,460,0
968.png,359,257,370,272,0
968.png,236,292,264,297,0
968.png,273,228,290,340,0
969.png,405,381,422,493,0
969.png,386,439,412,445,0
969.png,207,366,264,376,0
970.png,389,368,400,383,0
970.png,171,412,219,419,0
970.png,429,372,446,484,0
971.png,419,259,436,371,0
971.png,236,397,247,412,0
971.png,151,512,158,517,1
972.png,141,315,152,330,0
972.png,163,221,170,226,1
972.png,489,178,537,185,0
973.png,310,316,317,321,1
973.png,206,167,254,174,0
973.png,446,462,453,467,1
974.png,116,444,164,451,0
974.png,511,177,568,187,0
974.png,273,174,301,179,0
975.png,501,212,512,227,0
975.png,186,154,193,159,1
975.png,466,323,483,435,0
976.png,481,329,492,344,0
976.png,304,295,352,302,0
976.png,399,285,410,300,0
977.png,224,388,235,403,0
977.png,431,282,438,287,1
977.png,236,429,243,434,1
978.png,263,319,274,334,0
978.png,420,274,431,289,0
978.png,191,289,202,304,0
979.png,337,332,344,337,1
979.png,226,206,233,211,1
979.png,162,349,169,354,1
980.png,232,439,243,454,0
980.png,144,455,151,460,1
980.png,304,165,311,170,1
981.png,281,419,298,531,0
981.png,323,271,351,276,0
981.png,299,246,310,261,0
982.png,254,178,302,185,0
982.png,432,315,480,322,0
982.png,223,336,240,448,0
983.png,421,322,447,328,0
983.png,330,281,337,286,1
983.png,130,344,137,349,1
984.png,486,225,497,240,0
984.png,502,225,528,231,0
984.png,165,170,182,282,0
985.png,164,483,221,493,0
985.png,305,283,322,395,0
985.png,151,492,158,497,1
986.png,320,174,331,189,0
986.png,436,158,443,163,1
986.png,366,384,392,390,0
987.png,410,406,467,416,0
987.png,507,374,518,389,0
987.png,436,338,453,450,0
988.png,328,238,345,350,0
988.png,385,476,413,481,0
988.png,204,188,211,193,1
989.png,182,208,210,213,0
989.png,471,262,478,267,1
989.png,333,250,361,255,0
990.png,488,217,514,223,0
990.png,357,420,414,430,0
990.png,286,227,293,232,1
991.png,496,408,524,413,0
991.png,375,396,403,401,0
991.png,212,517,229,629,0
992.png,244,143,270,149,0
992.png,203,271,251,278,0
992.png,253,408,310,418,0
993.png,351,306,399,313,0
993.png,352,336,409,346,0
993.png,215,410,272,420,0
994.png,342,354,353,369,0
994.png,228,475,285,485,0
994.png,325,486,336,501,0
995.png,196,150,207,165,0
995.png,212,310,269,320,0
995.png,488,140,495,145,1
996.png,476,446,483,451,1
996.png,275,424,323,431,0
996.png,386,184,414,189,0
997.png,276,480,304,485,0
997.png,176,336,202,342,0
997.png,306,232,334,237,0
998.png,406,217,463,227,0
998.png,130,198,187,208,0
998.png,383,386,390,391,1
999.png,185,426,233,433,0
999.png,320,349,331,364,0
999.png,255,487,262,492,1
